0000000000000000000555022222222222222222
0222222222222222222555111222222222222222
1112222222222222222555021222222222222222
0212222222222222222555021222222222222222
0212222222222222222555021222222222222222
0212222222222222222555021222222222222222
0212222222222222222555021222222222222222
0212222222222222222555021222222222222222
0212222222222222222555021222222222222222
0212222222222222222555021111111222222222
0211111112222222222555022222222222222222
0222222222222222222555022222222222222222
0222222222222222222555022222222222222222
0222222222222222222555022222222222222222
0222222222222222222555022222212222222222
0222222122222222222555022222212222222222
0222222122222222222555022222212222222222
0222222122222222222555111111112222222222
1111111122222222222555022222222222222222
0222222222222222222555000000000000000000
0000000000000000000555000000000000000000
0000000000000000000555000000000000000000
